0
1
2
4
5
6
7
8
10
12
13
15
16
18
19
20
22
24
26
29
30
31
33
36
37
44
45
47
48
52
54
55
58
60
62
63
64
67
68
69
71
72
74
75
76
77
78
79
80
81
82
85
87
88
89
90
91
92
93
94
97
98
0
3
4
5
7
8
9
10
11
12
18
20
21
23
27
28
29
30
32
34
35
40
42
44
49
51
54
65
70
71
73
74
75
79
83
89
94
95
98
1
4
7
8
10
11
12
13
15
17
21
22
25
26
27
28
29
30
31
35
38
39
42
43
44
45
48
49
50
53
54
55
56
61
62
63
66
67
68
72
73
77
78
80
83
87
89
95
96
98
99
2
4
5
8
10
11
13
16
24
26
33
34
39
42
44
45
46
48
51
54
60
62
63
65
66
69
72
73
75
78
79
80
83
84
85
87
95
96
98
99
0
1
4
5
6
7
8
14
16
21
23
24
25
30
35
37
38
39
41
42
43
46
50
51
59
60
63
67
69
71
73
75
80
81
83
84
85
86
88
91
93
95
98
3
4
7
9
11
13
15
16
20
21
22
23
26
32
34
38
39
40
42
43
44
47
50
54
55
58
59
60
61
65
68
69
73
76
79
81
82
83
84
88
94
95
96
97
99
4
6
8
10
20
22
24
25
26
28
33
36
38
42
47
52
58
61
62
64
66
69
71
74
77
82
84
87
88
91
92
93
97
98
99
1
2
3
5
6
7
10
13
14
18
20
27
28
30
31
32
33
35
36
37
38
41
46
48
50
51
52
54
55
56
57
58
59
61
65
66
67
74
75
76
78
82
83
87
89
91
96
0
2
7
8
14
15
17
18
20
21
22
26
28
29
30
32
33
36
37
39
43
46
47
48
51
57
59
62
63
68
70
71
75
76
77
81
85
87
89
90
91
92
93
94
97
0
2
3
6
8
10
11
12
18
21
22
23
25
26
28
29
30
31
34
36
37
40
42
44
45
48
50
52
55
56
57
58
61
62
64
65
66
69
74
76
82
83
85
87
90
92
93
94
95
98
99
1
3
9
11
15
16
17
18
20
22
26
28
30
31
32
33
34
36
37
41
42
44
46
47
48
54
56
58
60
62
63
65
66
74
75
79
80
81
82
85
86
87
90
95
97
98
99
107
110
112
115
117
119
120
123
124
127
130
131
134
143
149
151
153
156
158
159
160
164
167
172
173
175
181
183
184
185
186
187
188
191
192
194
204
206
207
208
210
211
212
216
217
219
221
222
225
227
229
233
238
241
242
244
252
253
254
256
258
261
262
263
265
267
268
270
276
277
279
281
283
284
287
290
291
297
298
301
302
303
304
306
308
310
311
313
317
319
328
329
331
338
339
340
341
343
345
346
352
353
354
356
357
358
359
360
361
362
364
365
368
369
374
375
376
379
383
389
390
395
399
400
401
407
411
414
416
418
419
421
422
423
424
427
429
430
431
432
436
439
442
444
445
446
448
449
450
454
456
457
458
459
467
468
469
471
473
475
476
483
485
489
490
491
493
498
0
1
2
3
10
13
17
20
22
23
24
25
28
29
30
31
33
35
38
40
44
45
46
47
48
49
53
56
59
60
61
62
63
68
69
70
71
72
74
77
82
83
84
85
90
91
94
95
98
100
103
106
107
110
114
115
116
119
121
126
132
134
136
142
145
147
148
149
153
155
159
163
170
176
177
179
181
182
183
188
194
195
196
197
199
202
203
206
207
208
215
217
219
220
221
223
225
226
227
228
229
230
232
233
235
239
244
245
249
250
252
254
257
258
260
265
267
268
273
274
279
280
282
283
287
288
289
291
294
296
297
299
300
306
308
310
312
314
315
316
318
321
323
324
325
327
328
329
331
333
335
340
343
344
345
346
349
350
351
353
354
355
361
362
367
369
374
378
379
382
383
384
387
388
389
391
393
394
395
397
401
403
405
407
408
410
413
414
416
421
422
423
425
426
429
430
437
439
441
442
446
447
451
453
460
461
469
470
471
473
479
482
484
486
488
491
493
495
497
499
1
2
11
13
15
17
26
31
36
37
38
41
43
45
46
49
52
54
55
58
60
61
62
63
64
65
66
67
69
70
74
75
76
77
78
80
82
83
84
85
87
89
92
93
96
97
99
100
106
107
108
110
111
112
119
122
123
124
125
126
129
130
132
134
140
141
146
147
150
151
152
154
155
157
159
163
164
167
168
169
170
173
174
177
178
180
183
184
185
188
189
193
194
195
196
198
201
202
203
204
206
208
209
216
219
223
225
228
229
237
242
244
247
248
249
250
251
252
256
257
260
261
267
268
271
272
277
281
284
285
287
290
291
293
294
296
297
298
300
301
302
304
307
308
310
311
314
315
317
318
322
323
324
325
326
328
329
330
331
333
334
336
338
341
343
348
349
353
357
359
360
361
362
363
364
365
366
367
369
370
374
375
379
382
392
393
394
398
400
402
404
406
407
408
409
413
414
417
418
421
422
424
425
427
429
430
431
432
433
438
441
445
446
448
449
451
453
455
456
457
459
460
461
462
463
464
468
470
471
472
474
477
479
482
485
488
489
491
497
2
3
4
6
8
9
10
12
15
16
18
22
25
26
28
29
30
33
34
35
36
37
39
40
41
42
43
44
45
46
47
50
51
55
56
58
59
61
62
63
65
68
69
71
76
78
79
80
84
89
93
94
96
97
99
101
102
104
107
108
109
110
112
115
116
118
120
121
125
127
132
133
134
136
137
138
139
140
141
142
146
148
151
152
153
154
155
157
162
163
165
170
171
173
174
176
177
179
184
185
186
191
194
197
198
200
204
206
207
209
211
212
216
219
222
227
229
230
233
234
235
239
248
249
250
252
253
254
255
258
261
265
266
270
272
275
280
282
283
287
288
289
291
299
305
306
310
311
313
314
315
316
319
321
329
330
331
334
337
342
343
344
346
347
348
349
350
351
352
355
357
359
363
364
366
367
368
372
374
376
377
386
392
394
395
396
402
404
405
407
408
414
415
418
420
421
422
424
427
428
429
432
433
436
437
438
439
441
442
445
447
461
469
472
474
475
479
485
486
488
495
499
0
5
6
8
12
14
15
16
18
20
21
22
23
26
29
33
37
39
42
43
47
48
49
50
51
59
69
70
72
74
75
76
78
79
81
82
84
87
93
96
98
99
101
104
106
107
109
110
112
113
115
116
118
120
121
125
130
136
137
139
140
141
142
143
145
147
149
152
155
167
171
177
178
179
180
182
183
187
190
192
194
196
198
199
200
206
207
208
214
218
220
221
222
226
228
229
231
236
237
239
240
242
243
245
247
248
254
255
258
259
260
261
263
266
272
275
276
277
278
282
283
284
286
288
293
297
299
302
303
305
313
319
322
323
324
325
326
328
331
334
335
336
343
345
347
348
349
351
353
357
358
359
360
366
367
369
377
380
385
388
391
394
395
396
397
400
401
403
404
407
408
413
415
416
419
420
423
428
432
437
438
441
444
446
452
453
455
456
459
460
462
463
464
466
467
470
471
478
486
487
488
489
491
492
494
495
498
